ones(2)

ans =

     1     1
     1     1

ones(3)

ans =

     1     1     1
     1     1     1
     1     1     1

zeros(2)

ans =

     0     0
     0     0

zeros(4)

ans =

     0     0     0     0
     0     0     0     0
     0     0     0     0
     0     0     0     0

zeros(3,2)

ans =

     0     0
     0     0
     0     0

randn(3)

ans =

   -0.4326    0.2877    1.1892
   -1.6656   -1.1465   -0.0376
    0.1253    1.1909    0.3273

rand(3)

ans =

    0.9501    0.4860    0.4565
    0.2311    0.8913    0.0185
    0.6068    0.7621    0.8214

uiopen('C:\MATLAB701\work\firstcls.txt', true);
diary off
